# Q-learning Table (State-Action Values)
0.0000,0.0000,0.0000,0.0000,0.0000
19.0000,0.0000,0.0000,0.0000,0.0000
0.7100,-0.4225,-0.1000,-0.0908,-0.1000
-18.8541,-17.1913,-4.4173,-4.4566,-4.4098
-2.2409,-2.5923,-10.2600,-9.6622,-2.2755
-11.8226,-8.9925,-8.9996,-9.0012,-9.0052
-8.9982,-8.9931,-8.9956,-8.9898,-8.9960
-8.9889,-8.9947,-8.9870,-8.9958,-8.9891
0.0000,0.0000,0.0000,0.0000,0.0000
27.1000,0.0000,0.0000,0.0000,0.0000
2.2490,-0.1520,-0.1000,-9.9078,-0.1000
-6.8410,-8.5689,-4.3755,-4.4223,-4.4077
-2.4727,-2.7038,-9.7253,-2.2811,-11.3369
-15.7456,-8.9933,-8.9953,-9.0017,-9.0017
-8.9961,-8.9902,-8.9992,-8.9936,-8.9969
-8.9988,-8.9895,-8.9905,-8.9920,-8.9900
0.0000,0.0000,0.0000,0.0000,0.0000
56.9533,0.0000,0.0000,0.0000,0.0000
12.9508,-0.1000,-0.1900,-0.1000,-0.1000
-6.7596,-9.0587,-4.3279,0.1691,-4.3431
-2.3165,-3.0495,-2.2818,-2.2618,-2.2996
-18.6622,-9.0048,-8.9957,-8.9982,-8.9964
-8.9962,-9.0051,-8.9987,-8.9993,-9.0028
-9.0021,-8.9979,-8.9988,-9.0066,-8.9998
0.0000,0.0000,0.0000,0.0000,0.0000
93.5389,3.0533,4.5953,8.9000,7.0470
57.9153,-0.1090,0.6934,-0.1000,-0.1000
1.3612,-8.7894,-3.8212,21.7988,-4.2338
-0.1804,-3.8033,-11.4516,-10.6238,-3.5711
-27.3829,-9.0030,-8.9998,-9.0087,-9.0067
-9.0017,-8.9964,-8.9983,-9.0075,-9.0008
-9.0030,-9.0081,-9.0097,-9.0136,-9.0126
0.0000,0.0000,0.0000,0.0000,0.0000
100.0000,36.5207,44.2273,41.7017,49.9705
36.3290,39.7173,22.2938,79.0998,42.3542
9.6286,-49.5974,7.7676,70.1896,24.8303
8.5231,-2.0322,-10.2936,-10.7170,-2.0639
-13.9177,-8.9327,-9.0228,-2.3235,-9.0235
-7.7868,-4.3196,-9.0087,-9.0118,-9.0097
-7.9072,-7.6621,-9.0212,-5.3510,-8.5475
0.0000,0.0000,0.0000,0.0000,0.0000
100.0000,79.1000,89.0000,89.0000,89.0000
89.0000,70.1900,70.1886,78.3649,79.1000
79.1000,-99.9993,62.1664,65.8626,70.1889
61.0068,-1.9691,-19.7071,-9.5548,-1.5706
-7.4202,-2.6148,-5.2966,32.2134,-5.3166
-5.3047,20.2786,-7.2374,-5.3329,-5.3300
-4.0442,-5.3815,-5.3464,33.9625,-5.3485
0.0000,0.0000,0.0000,0.0000,0.0000
100.0000,79.1000,89.0000,89.0000,89.0000
89.0000,70.1900,79.1000,65.9559,79.1000
79.1000,62.1386,70.1900,62.3061,70.1900
70.1900,42.0207,-18.1062,54.6026,52.0127
60.5194,30.9578,12.5399,49.7000,33.0918
35.1363,23.2939,5.5064,43.6555,28.5029
22.9753,20.4132,21.6625,38.9137,22.8629
0.0000,0.0000,0.0000,0.0000,0.0000
100.0000,70.1647,89.0000,89.0000,89.0000
89.0000,69.8949,79.1000,-100.0000,79.0999
61.5856,57.1412,70.1900,57.0132,63.1317
62.1710,49.7210,62.1710,51.2692,57.1126
54.9539,44.3706,50.4423,44.3704,49.3280
48.4585,38.6812,38.8615,39.3512,43.8347
42.6127,38.2535,34.8471,34.4577,38.0723
0.0000,0.0000,0.0000,0.0000,0.0000
100.0000,-71.7570,54.5196,48.8249,63.7426
-0.1000,-0.1179,-10.0900,3.2438,-0.1000
-99.9998,50.5608,64.7286,50.1712,55.9373
55.8806,44.7806,56.1119,43.9279,50.5435
49.8117,38.7199,49.2198,38.2013,44.6541
44.2127,33.0809,42.1783,31.9322,38.4909
39.2840,32.6575,33.8432,23.2338,32.3301
0.0000,0.0000,0.0000,0.0000,0.0000
94.7665,0.0000,0.0000,6.0757,0.0000
52.0252,-0.1000,-0.2198,-8.7260,-0.1000
-99.8240,39.2537,57.4919,37.2708,44.3346
50.7479,33.2060,40.8301,30.8370,39.5273
44.5040,26.6190,36.3933,24.2698,31.8361
38.3633,-2.6897,1.5783,-3.3634,12.5647
31.3216,-5.2788,-7.2359,-7.1060,-2.2440
0.0000,0.0000,0.0000,0.0000,0.0000
99.9841,7.8944,7.0470,13.0039,30.5063
88.8994,1.5980,7.2061,-9.1000,9.5414
-8.2471,-1.3129,46.3678,1.8070,8.2227
37.7194,0.4525,0.8896,-6.3943,6.0726
-6.4308,-5.2582,32.8837,-7.4760,-8.0711
6.9492,-8.9694,-8.2678,-8.8115,-5.7594
-5.1087,-8.9872,-8.9794,-8.9772,-8.7416
0.0000,0.0000,0.0000,0.0000,0.0000
52.1703,0.0000,0.0000,0.0000,0.0000
-0.1000,-0.1090,13.8547,0.0000,0.0000
-5.6369,-17.7609,15.1074,-5.1088,-5.0964
-1.6903,-3.4802,-9.6845,-10.6389,-3.3052
-36.5907,-8.9474,-1.3415,-8.9637,-8.9480
-7.4989,-8.9567,-8.9628,-8.9587,-8.9558
-8.9677,-8.9612,-8.9606,-8.9607,-8.9600
0.0000,0.0000,0.0000,0.0000,0.0000
10.0000,0.0000,0.0000,0.0000,0.0000
-0.1000,-0.2389,0.2534,-0.1000,0.0000
-8.3629,-16.7167,-5.1748,-5.1600,-5.1382
-1.6251,-1.4461,-1.3718,-1.1642,-1.1280
-26.9161,-8.9559,-8.9534,-8.9466,-8.9526
-8.9542,-8.9516,-8.9529,-8.9556,-8.9547
-8.9555,-8.9465,-8.9518,-8.9504,-8.9498
0.0000,0.0000,0.0000,0.0000,0.0000
10.0000,0.0000,0.0000,0.0000,0.0000
-0.1000,-0.5019,-0.1900,-0.1000,0.0000
-7.5610,-12.3478,-5.2072,-5.1917,-5.1974
-2.8997,-2.9482,-10.0520,-10.5744,-11.8575
-24.0876,-8.9398,-8.9368,-8.9303,-8.9384
-8.9448,-8.9507,-8.9466,-8.9426,-8.9464
-8.9442,-8.9421,-8.9436,-8.9406,-8.9499
